melody_key_signature: 1.0
chord_key_signature: 0.8999966431278421
superstrong_progression: -0.30434782608695654
functional_harmony: -0.043478260869565216
consonance: 1.9442060085836934
chord_phrase_start: 1.0
melody_duration_phrase_end: 1.0
cadence: 0.0