melody_key_signature: 0.7785087719298246
chord_key_signature: 0.9301140962013998
superstrong_progression: -0.24324324324324326
functional_harmony: -0.02702702702702703
consonance: 1.6671052631578935
chord_phrase_start: 0.2
melody_duration_phrase_end: 0.8
cadence: 0.0