melody_key_signature: 1.0
chord_key_signature: 0.8710351554746601
superstrong_progression: -0.29411764705882354
functional_harmony: -0.058823529411764705
consonance: 1.7095137420718798
chord_phrase_start: 0.4
melody_duration_phrase_end: 1.0
cadence: 0.27999999999999997