melody_key_signature: 1.0
chord_key_signature: 0.8414459379129876
superstrong_progression: -0.25
functional_harmony: -0.03571428571428571
consonance: 1.670251716247138
chord_phrase_start: 0.2857142857142857
melody_duration_phrase_end: 0.8571428571428571
cadence: 0.3428571428571429