melody_key_signature: 1.0
chord_key_signature: 0.9089227356501577
superstrong_progression: -0.19444444444444445
functional_harmony: 0.0
consonance: 1.772881355932203
chord_phrase_start: 0.75
melody_duration_phrase_end: 1.0
cadence: 0.35