melody_key_signature: 1.0
chord_key_signature: 0.9195822704742594
superstrong_progression: -0.13559322033898305
functional_harmony: 0.0
consonance: 1.8718614718614681
chord_phrase_start: 0.4
melody_duration_phrase_end: 0.8
cadence: 0.04