melody_key_signature: 1.0
chord_key_signature: 0.8965328785291878
superstrong_progression: -0.26666666666666666
functional_harmony: -0.03333333333333333
consonance: 1.9770392749244623
chord_phrase_start: 1.0
melody_duration_phrase_end: 1.0
cadence: 0.0